
[09:48:10]  68 01 02 03 04 05 06 68 31 05 01 02 03 04 05 30 16 
[09:48:10]  68 01 02 03 04 05 06 68 31 05 01 02 03 04 05 30 16 
[09:48:11]  68 01 02 03 04 05 06 68 31 05 01 02 03 04 05 30 16 
[09:48:12]  68 01 02 03 04 05 06 68 31 05 01 02 03 04 05 30 16 
[09:56:57]  78 00 80 78 78 80 80 80 80 F8 80 00 00 F8 80 78 F8 00 80 F8 00 F8 F8 80 00 80 78 00 
[09:56:59]  78 00 80 78 78 80 80 80 80 F8 80 00 00 F8 80 78 F8 00 80 F8 00 F8 F8 80 00 80 78 00 
[09:57:01]  78 00 80 78 78 80 80 80 80 F8 80 00 00 F8 80 78 F8 00 80 F8 00 F8 F8 80 00 80 78 00 
[09:57:03]  78 00 80 78 78 80 80 80 80 F8 80 00 00 F8 80 78 F8 00 80 F8 00 F8 F8 80 00 80 78 00 
[09:57:05]  78 00 80 78 78 80 80 80 80 F8 80 00 00 F8 80 78 F8 00 80 F8 00 F8 F8 80 00 80 78 00 
[09:57:07]  78 00 80 78 78 80 80 80 80 F8 80 00 00 F8 80 78 F8 00 80 F8 00 F8 F8 80 00 80 78 00 
[09:57:09]  78 00 80 78 78 80 80 80 80 F8 80 00 00 F8 80 78 F8 00 80 F8 00 F8 F8 80 00 80 78 00 
[09:57:11]  78 00 80 78 78 80 80 80 80 F8 80 00 00 F8 80 78 F8 00 80 F8 00 F8 F8 80 00 80 78 00 
[09:57:13]  78 00 80 78 78 80 80 80 80 F8 80 00 00 F8 80 78 F8 00 80 F8 00 F8 F8 80 00 80 78 00 
[10:00:21]  68 01 02 03 04 05 06 68 31 05 01 02 03 04 05 30 16 
[10:00:22]  68 01 02 03 04 05 06 68 31 05 01 02 03 04 05 30 16 
[10:00:23]  68 01 02 03 04 05 06 68 31 05 01 02 03 04 05 30 16 
[10:00:24]  68 01 02 03 04 05 06 68 31 05 01 02 03 04 05 30 16 
[10:00:25]  68 01 02 03 04 05 06 68 31 05 01 02 03 04 05 30 16 
[10:00:25]  68 01 02 03 04 05 06 68 31 05 01 02 03 04 05 30 16 
[10:00:26]  68 01 02 03 04 05 06 68 31 05 01 02 03 04 05 30 16 
[10:00:26]  68 01 02 03 04 05 06 68 31 05 01 02 03 04 05 30 16 
[10:00:28]  68 01 02 03 04 05 06 68 31 05 01 02 03 04 05 30 16 
[10:00:29]  68 01 02 03 04 05 06 68 31 05 01 02 03 04 05 30 16 
[10:00:30]  68 01 02 03 04 05 06 68 31 05 01 02 03 04 05 30 16 
[10:00:31]  68 01 02 03 04 05 06 68 31 05 01 02 03 04 05 30 16 
[10:00:55]  68 01 02 03 04 05 06 68 31 05 01 02 03 04 05 30 16 
[10:00:56]  68 01 02 03 04 05 06 68 31 05 01 02 03 04 05 30 16 
[10:00:57]  68 01 02 03 04 05 06 68 31 05 01 02 03 04 05 30 16 
[10:01:16]  68 01 02 03 04 05 06 68 31 05 01 02 03 04 05 30 16 
[10:01:17]  68 01 02 03 04 05 06 68 31 05 01 02 03 04 05 30 16 
[10:01:18]  68 01 02 03 04 05 06 68 31 05 01 02 03 04 05 30 16 
[10:01:19]  68 01 02 03 04 05 06 68 31 05 01 02 03 04 05 30 16 
[10:01:23]  68 01 02 03 04 05 06 68 31 05 01 02 03 04 05 30 16 
[10:01:25]  68 01 02 03 04 05 06 68 31 05 01 02 03 04 05 30 16 
[10:03:32]  68 01 02 03 04 05 06 68 31 05 01 02 03 04 05 30 16 
[10:03:34]  68 01 02 03 04 05 06 68 31 05 01 02 03 04 05 30 16 
[10:03:35]  68 01 02 03 04 05 06 68 31 05 01 02 03 04 05 30 16 
[10:03:36]  68 01 02 03 04 05 06 68 31 05 01 02 03 04 05 30 16 
[10:03:36]  68 01 02 03 04 05 06 68 31 05 01 02 03 04 05 30 16 
[10:03:39]  68 01 02 03 04 05 06 68 31 05 01 02 03 04 05 30 16 
[10:03:42]  68 01 02 03 04 05 06 68 31 05 01 02 03 04 05 30 16 [10:03:45]  68 01 02 03 04 05 06 68 31 05 01 02 03 04 05 30 16 
[10:03:46]  68 01 02 03 04 05 06 68 31 05 01 02 03 04 05 30 16 
[10:06:33]  68 01 02 03 04 05 06 68 31 05 01 02 03 04 05 30 16 
[10:09:31]  68 01 02 03 04 05 06 68 31 05 01 02 03 04 05 30 16 
[10:09:33]  68 01 02 03 04 05 06 68 31 05 01 02 03 04 05 30 16 
[10:09:34]  68 01 02 03 04 05 06 68 31 05 01 02 03 04 05 30 16 
[10:09:36]  68 01 02 03 04 05 06 68 31 05 01 02 03 04 05 30 16 
[10:09:42]  68 01 02 03 04 05 06 68 31 05 01 02 03 04 05 30 16 
[10:13:52]  F8 
[10:14:08]  68 01 02 03 04 05 06 68 31 05 01 02 03 04 05 30 16 
[10:14:09]  68 01 02 03 04 05 06 68 31 05 01 02 03 04 05 30 16 
[10:16:01]  68 01 02 03 04 05 06 68 31 05 01 02 03 04 05 30 16 
[10:16:02]  68 01 02 03 04 05 06 68 31 05 01 02 03 04 05 30 16 
[10:16:06]  68 01 02 03 04 05 06 68 31 05 01 02 03 04 05 30 16 
[10:16:10]  68 01 02 03 04 05 06 68 31 05 01 02 03 04 05 30 16 
[10:19:04]  68 01 02 03 04 05 06 68 31 05 01 02 03 04 05 30 16 
[10:20:31]  67 1E 00 51 00 00 00 00 40 01 15 00 13 00 00 00 77 00 93 00 78 00 91 00 92 00 FF FF E2 16 
[10:20:33]  67 1E 00 51 00 00 00 00 40 01 15 00 13 00 00 00 77 00 93 00 78 00 91 00 92 00 FF FF E2 16 
[10:20:35]  67 1E 00 51 00 00 00 00 40 01 15 00 13 00 00 00 77 00 93 00 78 00 91 00 92 00 FF FF E2 16 
[10:20:56]  67 1E 00 51 00 00 00 00 40 01 15 00 13 00 00 00 77 00 93 00 78 00 91 00 92 00 FF FF E2 16 
[10:20:57]  67 1E 00 51 00 00 00 00 40 01 15 00 13 00 00 00 77 00 93 00 78 00 91 00 92 00 FF FF E2 16 
[10:20:59]  67 1E 00 51 00 00 00 00 40 01 15 00 13 00 00 00 77 00 93 00 78 00 91 00 92 00 FF FF E2 16 
[10:21:00]  67 1E 00 51 00 00 00 00 40 01 15 00 13 00 00 00 77 00 93 00 78 00 91 00 92 00 FF FF E2 16 
[10:21:20]  15 00 13 00 00 00 77 00 93 00 78 00 91 00 92 00 FF FF 
[10:21:32]  15 00 13 00 00 00 77 00 93 00 78 00 91 00 92 00 FF FF 
[10:21:58]  15 00 13 00 00 00 77 00 93 00 78 00 91 00 92 00 FF FF 
[10:22:00]  15 00 13 00 00 00 77 00 93 00 78 00 91 00 92 00 FF FF 
[10:22:01]  15 00 13 00 00 00 77 00 93 00 78 00 91 00 92 00 FF FF 
[10:23:10]  68 01 02 03 04 05 06 68 31 05 01 02 03 04 05 30 16 
[10:23:12]  68 01 02 03 04 05 06 68 31 05 01 02 03 04 05 30 16 [10:44:55]  68 01 02 03 04 05 06 68 31 05 01 02 03 04 05 30 16 
[10:44:57]  68 01 02 03 04 05 06 68 31 05 01 02 03 04 05 30 16 
[10:45:03]  68 01 02 03 04 05 06 68 31 05 01 02 03 04 05 30 16 
[10:48:14]  68 01 02 03 04 05 06 68 31 05 01 02 03 04 05 30 16 
[10:48:15]  68 01 02 03 04 05 06 68 31 05 01 02 03 04 05 30 16 
[10:48:16]  68 01 02 03 04 05 06 68 31 05 01 02 03 04 05 30 16 
[10:48:17]  68 01 02 03 04 05 06 68 31 05 01 02 03 04 05 30 16 
[10:48:18]  68 01 02 03 04 05 06 68 31 05 01 02 03 04 05 30 16 
[10:48:18]  68 01 02 03 04 05 06 68 31 05 01 02 03 04 05 30 16 
[10:48:19]  68 01 02 03 04 05 06 68 31 05 01 02 03 04 05 30 16 
[11:03:12]  68 01 02 03 04 05 06 68 31 05 01 02 03 04 05 30 16 
[11:03:41]  68 01 02 03 04 05 06 68 31 05 01 02 03 04 05 30 16 
[11:03:43]  68 01 02 03 04 05 06 68 31 05 01 02 03 04 05 30 16 
[11:07:13]  68 01 02 03 04 05 06 68 31 05 01 02 03 04 05 30 16 
[11:07:15]  68 01 02 03 04 05 06 68 31 05 01 02 03 04 05 30 16 [11:07:50]  68 01 02 03 04 05 06 68 31 05 01 02 03 04 05 30 16 
[11:12:36]  68 01 02 03 04 05 06 68 31 05 01 02 03 04 05 30 16 
[11:12:38]  68 01 02 03 04 05 06 68 31 05 01 02 03 04 05 30 16 
[11:12:40]  68 01 02 03 04 05 06 68 31 05 01 02 03 04 05 30 16 [11:13:17]  68 01 02 03 04 05 06 68 31 05 01 02 03 04 05 30 16 
[11:14:26]  68 01 02 03 04 05 06 68 31 05 01 02 03 04 05 30 16 
[11:14:36]  68 01 02 03 04 05 06 68 31 05 01 02 03 04 05 30 16 
[11:14:41]  68 01 02 03 04 05 06 68 31 05 01 02 03 04 05 30 16 
[11:16:08]  68 01 02 03 04 05 06 68 31 05 01 02 03 04 05 30 16 
[11:16:24]  68 01 02 03 04 05 06 68 31 05 01 02 03 04 05 30 16 
[11:16:27]  68 01 02 03 04 05 06 68 31 05 01 02 03 04 05 30 16 
[11:16:29]  68 01 02 03 04 05 06 68 31 05 01 02 03 04 05 30 16 
[11:17:10]  68 01 02 03 04 05 06 68 31 05 01 02 03 04 05 30 16 
[11:17:12]  68 01 02 03 04 05 06 68 31 05 01 02 03 04 05 30 16 
[11:24:23]  68 01 02 03 04 05 06 68 31 05 01 02 03 04 05 30 16 
[11:24:25]  68 01 02 03 04 05 06 68 31 05 01 02 03 04 05 30 16 
[11:24:26]  68 01 02 03 04 05 06 68 31 05 01 02 03 04 05 30 16 
[11:24:29]  68 01 02 03 04 05 06 68 31 05 01 02 03 04 05 30 16 
[11:24:30]  68 01 02 03 04 05 06 68 31 05 01 02 03 04 05 30 16 
[11:24:32]  68 01 02 03 04 05 06 68 31 05 01 02 03 04 05 30 16 
[11:25:11]  68 01 02 03 04 05 06 68 31 05 01 02 03 04 05 30 16 
[11:25:14]  68 01 02 03 04 05 06 68 31 05 01 02 03 04 05 30 16 [11:25:54]  67 1D 00 11 00 00 00 00 10 11 68 01 02 03 04 05 06 68 31 05 01 02 03 04 05 30 16 26 16 
[11:26:00]  67 1D 00 11 00 00 00 00 10 11 68 01 02 03 04 05 06 68 31 05 01 02 03 04 05 30 16 26 16 
[11:26:01]  67 1D 00 11 00 00 00 00 10 11 68 01 02 03 04 05 06 68 31 05 01 02 03 04 05 30 16 26 16 
[11:26:03]  67 1D 00 11 00 00 00 00 10 11 68 01 02 03 04 05 06 68 31 05 01 02 03 04 05 30 16 26 16 
[11:26:05]  67 1D 00 11 00 00 00 00 10 11 68 01 02 03 04 05 06 68 31 05 01 02 03 04 05 30 16 26 16 
[11:26:35]  68 01 02 03 04 05 06 68 31 05 01 02 03 04 05 30 16 
[11:26:37]  68 01 02 03 04 05 06 68 31 05 01 02 03 04 05 30 16 
[11:28:17]  68 01 02 03 04 05 06 68 31 05 01 02 03 04 05 30 16 
[11:28:47]  68 01 02 03 04 05 06 68 31 05 01 02 03 04 05 30 16 
[11:29:35]  68 01 02 03 04 05 06 68 31 05 01 02 03 04 05 30 16 
[11:31:46]  68 01 02 03 04 05 06 68 31 05 01 02 03 04 05 30 16 
[11:31:47]  68 01 02 03 04 05 06 68 31 05 01 02 03 04 05 30 16 
[11:31:49]  68 01 02 03 04 05 06 68 31 05 01 02 03 04 05 30 16 
[11:32:53]  68 01 02 03 04 05 06 68 31 05 01 02 03 04 05 30 16 
[11:32:55]  68 01 02 03 04 05 06 68 31 05 01 02 03 04 05 30 16 
[11:32:56]  68 01 02 03 04 05 06 68 31 05 01 02 03 04 05 30 16 
[11:32:58]  68 01 02 03 04 05 06 68 31 05 01 02 03 04 05 30 16 
[11:32:59]  68 01 02 03 04 05 06 68 31 05 01 02 03 04 05 30 16 
[11:33:11]  68 01 02 03 04 05 06 68 31 05 01 02 03 04 05 30 16 
[11:35:52]  68 01 02 03 04 05 06 68 31 05 01 02 03 04 05 30 16 
[11:39:48]  68 01 02 03 04 05 06 68 31 05 01 02 03 04 05 30 16 
[11:39:54]  68 01 02 03 04 05 06 68 31 05 01 02 03 04 05 30 16 
[11:43:33]  68 01 02 03 04 05 06 68 31 05 01 02 03 04 05 30 16 
[11:43:38]  68 01 02 03 04 05 06 68 31 05 01 02 03 04 05 30 16 
[11:43:39]  68 01 02 03 04 05 06 68 31 05 01 02 03 04 05 30 16 
[11:44:36]  68 01 02 03 04 05 06 68 31 05 01 02 03 04 05 30 16 
[11:44:38]  68 01 02 03 04 05 06 68 31 05 01 02 03 04 05 30 16 
[11:44:39]  68 01 02 03 04 05 06 68 31 05 01 02 03 04 05 30 16 
[11:44:40]  68 01 02 03 04 05 06 68 31 05 01 02 03 04 05 30 16 
[11:44:42]  68 01 02 03 04 05 06 68 31 05 01 02 03 04 05 30 16 
[11:44:43]  68 01 02 03 04 05 06 68 31 05 01 02 03 04 05 30 16 
[11:45:14]  68 01 02 03 04 05 06 68 31 05 01 02 03 04 05 30 16 
[11:45:16]  68 01 02 03 04 05 06 68 31 05 01 02 03 04 05 30 16 
[11:45:17]  68 01 02 03 04 05 06 68 31 05 01 02 03 04 05 30 16 
[11:45:18]  68 01 02 03 04 05 06 68 31 05 01 02 03 04 05 30 16 [11:45:20]  68 01 02 03 04 05 06 68 31 05 01 02 03 04 05 30 16 
[11:45:21]  68 01 02 03 04 05 06 68 31 05 01 02 03 04 05 30 16 
[11:45:27]  68 01 02 03 04 05 06 68 31 05 01 02 03 04 05 30 16 
[11:46:47]  68 01 02 03 04 05 06 68 31 05 01 02 03 04 05 30 16 
[11:46:59]  68 01 02 03 04 05 06 68 31 05 01 02 03 04 05 30 16 
[11:47:09]  68 01 02 03 04 05 06 68 31 05 01 02 03 04 05 30 16 
[11:48:21]  68 01 02 03 04 05 06 68 31 05 01 02 03 04 05 30 16 
[11:48:23]  68 01 02 03 04 05 06 68 31 05 01 02 03 04 05 30 16 
[11:48:25]  68 01 02 03 04 05 06 68 31 05 01 02 03 04 05 30 16 
[11:48:26]  68 01 02 03 04 05 06 68 31 05 01 02 03 04 05 30 16 